---

# This file is for the initial state of telescope in the basis of DOF
## d[XYZ] are in um
# r[XY] are in arcsec
# mode[1-20] are in um
M2Hexapod:
  dZ: -474.5494697091185
  dX: 1226.3595023306834
  dY: -146.0342546085269
  rX: 0.008051723843953447
  rY: 0.007789813011993512

cameraHexapod:
  dZ: 457.11451771734596
  dX: -2305.582492608177
  dY: 316.72394246177385
  rX: -0.013233201728039544
  rY: 0.004481088839100507

M1M3Bending:
  mode1: 0.25082726030653224
  mode2: -0.553886950567331
  mode3: -0.020856087852343608
  mode4: 0.06495591915077902
  mode5: 0.12940232833072177
  mode6: 5.13408012e-07
  mode7: 3.83470886e-06
  mode8: 0.018980616907885165
  mode9: 0.009599847489284668
  mode10: -0.022224923175049517
  mode11: -0.10974771550116032
  mode12: 0.013961753374054173
  mode13: 0.0022076216696257345
  mode14: -0.008285675583944696
  mode15: 1.00121499e-07
  mode16: 5.84507474e-07
  mode17: -0.0567889343
  mode18: 0.0434311681
  mode19: -0.018342441891366038
  mode20: 0.00960784349570209

M2Bending:
  mode1: 2.391172294962678
  mode2: -2.1036330923403384
  mode3: -0.6517558883535803
  mode4: 0.09177701166052263
  mode5: -0.5544668223267774
  mode6: 2.57504986e-06
  mode7: 1.65498216e-06
  mode8: -0.07475898514542913
  mode9: 0.0102986000015793
  mode10: 0.15302930288053482
  mode11: -0.0053376229595990254
  mode12: 0.003360845115178406
  mode13: -0.04334757657858449
  mode14: -0.00265694184
  mode15: 0.00217377957
  mode16: 0.059784239421524187
  mode17: 0.00559039965978355
  mode18: 0.00300173366
  mode19: -1.32198796e-07
  mode20: -8.87078286e-08
