---

# This file is for the initial state of telescope in the basis of DOF
## d[XYZ] are in um
# r[XY] are in arcsec
# mode[1-20] are in um


M2Hexapod:
  dZ: -804.6738963948609
  dX: 1226.3204648177455
  dY: -146.0263697676622
  rX: 0.012201284991532231
  rY: 0.007592783218392459

cameraHexapod:
  dZ: 991.9291456164096
  dX: -2305.550894959031
  dY: 316.7171185649992
  rX: 0.0024030333063789515
  rY: 0.009629876304189995

M1M3Bending:
  mode1: 0.25416188485516816
  mode2: -0.5370035683028934
  mode3: -0.26904511421415306
  mode4: 0.03453871735662248
  mode5: 0.04810775963243355
  mode6: 0.0
  mode7: 0.0
  mode8: 0.0006884160158595973
  mode9: 0.0033827543117248005
  mode10: 0.01858671331224508
  mode11: -0.0341381145845464
  mode12: -0.0012183240800651327
  mode13: 0.0058535705470730524
  mode14: -0.00803464951664116
  mode15: 0.0
  mode16: 0.0
  mode17: 0.0
  mode18: 0.0
  mode19: -0.013081021334703905
  mode20: 8.517480068658029e-05

M2Bending:
  mode1: 0.5650816939676079
  mode2: -0.4132530150911979
  mode3: 0.062417070728720554
  mode4: -0.03774329598245492
  mode5: -0.1882461111372463
  mode6: 0.0
  mode7: 0.0
  mode8: 0.004353872434258539
  mode9: -0.0024399302040411727
  mode10: -0.0410053030341361
  mode11: -0.008401905382718015
  mode12: 0.009594449083618322
  mode13: 0.004044624260838892
  mode14: 0.0
  mode15: 0.0
  mode16: 0.014478330342837258
  mode17: 0.009480868547407663
  mode18: 0.0
  mode19: 0.0
  mode20: 0.0
