---

# This file is for the initial state of telescope in the basis of DOF
## d[XYZ] are in um
# r[XY] are in arcsec
# mode[1-20] are in um


M2Hexapod:
  dZ: -621.5161712759123
  dX: 1226.320457353403
  dY: -146.02636385080413
  rX: 0.016423885716190332
  rY: 0.010615674245637127

cameraHexapod:
  dZ: 948.9280615611742
  dX: -2305.5508924146434
  dY: 316.7171137306265
  rX: -0.023735032872587568
  rY: 0.0044307071679965376

M1M3Bending:
  mode0: 0.24849932382117262
  mode1: -0.5544860411933064
  mode2: -0.6694628891936337
  mode3: -0.022817477513714456
  mode4: 0.03787983017246703
  mode5: 0.0
  mode6: 0.0
  mode7: 0.010179136795112736
  mode8: 0.022609244840618523
  mode9: -0.007304711508563011
  mode10: -0.026232384683205413
  mode11: -0.003082090793258151
  mode12: 0.005048921897646138
  mode13: -0.00646792109292839
  mode14: 0.0
  mode15: 0.0
  mode16: 0.0
  mode17: 0.0
  mode18: -0.004799074010303752
  mode19: 0.00020201048943695087

M2Bending:
  mode0: 0.5465323020154985
  mode1: -0.5205146097402333
  mode2: 0.04322686866806656
  mode3: 0.028308156215238016
  mode4: -0.4658160390075564
  mode5: 0.0
  mode6: 0.0
  mode7: 0.026630144982456777
  mode8: -0.021163952273137776
  mode9: -0.03229202831424783
  mode10: 0.011543155207030344
  mode11: 0.007615472018804702
  mode12: 0.0035779903204035033
  mode13: 0.0
  mode14: 0.0
  mode15: 0.003501364173741376
  mode16: 0.0035574504595580667
  mode17: 0.0
  mode18: 0.0
  mode19: 0.0
