---

# This file is for the initial state of telescope in the basis of DOF
## d[XYZ] are in um
# r[XY] are in arcsec
# mode[1-20] are in um

M2Hexapod:
  dZ: -124.42837151262047
  dX: 1226.3594926674575
  dY: -146.03424547434383
  rX: 0.01173788206433382
  rY: 0.008065864769213936

cameraHexapod:
  dZ: 523.7613555108499
  dX: -2305.5824803069536
  dY: 316.7239358217847
  rX: 0.0018831106469099322
  rY: 0.008333744334131407

M1M3Bending:
  mode1: 0.10557823364982917
  mode2: -0.00746577169017143
  mode3: -0.3739175892228974
  mode4: 0.163843796801453
  mode5: 0.18836075724023152
  mode6: 0.0
  mode7: 0.0
  mode8: -0.024140177153208167
  mode9: 0.010912824978224
  mode10: 0.007288151321284886
  mode11: -0.008571952542012522
  mode12: 0.01310721058301896
  mode13: 0.00409841824757307
  mode14: -0.005073498431148614
  mode15: 0.0
  mode16: 0.0
  mode17: -0.0566906711
  mode18: 0.0435344886
  mode19: -0.015889024980900977
  mode20: 0.009602330284998021

M2Bending:
  mode1: -0.34173726418721584
  mode2: -0.08575672710798188
  mode3: -0.21759000792048006
  mode4: 0.15462355808984618
  mode5: -0.3928505715236424
  mode6: 0.0
  mode7: 0.0
  mode8: 0.021343842206589428
  mode9: 0.02303101991636191
  mode10: -0.02175591627532225
  mode11: -0.0026456599152562695
  mode12: 0.0075370155421444545
  mode13: 0.005049590541899152
  mode14: -0.00299338949
  mode15: 0.00188367779
  mode16: -0.0034195467302138094
  mode17: 0.006556007360029061
  mode18: -0.02264
  mode19: 0.0
  mode20: 0.0
