---

# This file is for the initial state of telescope in the basis of DOF
## d[XYZ] are in um
# r[XY] are in arcsec
# mode[1-20] are in um

M2Hexapod:
  dZ: -277.52095699688994
  dX: 1226.3594956339855
  dY: -146.03425690384918
  rX: 0.011123566926993438
  rY: 0.00539916534850095

cameraHexapod:
  dZ: 809.1273718337784
  dX: -2305.582485747098
  dY: 316.7239435612375
  rX: -0.006672290695359585
  rY: 0.002828522828319973

M1M3Bending:
  mode1: 0.1524483649352053
  mode2: -0.11932788023557481
  mode3: -0.10833184574206661
  mode4: 0.1777876710274152
  mode5: 0.17443055811016797
  mode6: 5.13408012e-07
  mode7: 3.83470886e-06
  mode8: -0.03271397783256448
  mode9: -0.004841892921106648
  mode10: -0.013053532809619382
  mode11: -0.03514442947783279
  mode12: 0.013828846340501626
  mode13: 0.008722902841582138
  mode14: -0.013268423129076353
  mode15: 1.00121499e-07
  mode16: 5.84507474e-07
  mode17: -0.0567889343
  mode18: 0.0434311681
  mode19: -0.02128906331838313
  mode20: 0.009612366066765868

M2Bending:
  mode1: 1.3537929040888148
  mode2: -1.7125391656867854
  mode3: -0.582800517159335
  mode4: -0.029104584558864693
  mode5: -0.6139020620990416
  mode6: 2.57504986e-06
  mode7: 1.65498216e-06
  mode8: -0.07968871736101751
  mode9: 0.07522556799044586
  mode10: 0.2127472766261564
  mode11: -0.026340108899623974
  mode12: 0.010607292250120724
  mode13: -0.037603327485314836
  mode14: -0.00265694184
  mode15: 0.00217377957
  mode16: 0.044684614742135295
  mode17: 0.0075720691451427406
  mode18: 0.00300173366
  mode19: -1.32198796e-07
  mode20: -8.87078286e-08
