---

# This file is for the initial state of telescope in the basis of DOF
## d[XYZ] are in um
# r[XY] are in arcsec
# mode[1-20] are in um

M2Hexapod:
  dZ: -9.07669473e+01
  dX: -6.28582742e+01
  dY: 7.51526566e+01
  rX: 1.31453257e-02
  rY: 1.82839906e-02

cameraHexapod:
  dZ: 3.44475513e+02
  dX: -2.12519254e+03
  dY: 8.24577236e+02
  rX: -1.01875824e-02
  rY: 7.79628637e-03

M1M3Bending:
  mode1: 2.20295483e-01
  mode2: -4.90222785e-01
  mode3: -1.15466393e-01
  mode4: 1.71611133e-01
  mode5: -1.38365743e-02
  mode6: -3.53320400e-05
  mode7: -2.38359233e-05
  mode8: -7.52991295e-03
  mode9: 7.96358395e-04
  mode10: -6.59557156e-03
  mode11: -5.42670848e-02
  mode12: -5.69363167e-04
  mode13: 5.00399474e-03
  mode14: -7.17537683e-03
  mode15: 1.68036404e-06
  mode16: 5.18693270e-05
  mode17: 2.39579652e-02
  mode18: 8.81030677e-02
  mode19: -2.70417808e-02
  mode20: 3.41148859e-05

M2Bending:
  mode1: 5.41163921e-01
  mode2: -4.86354892e-01
  mode3: 1.84756146e-01
  mode4: 4.68197432e-01
  mode5: -8.93993593e-02
  mode6: 1.32964943e-06
  mode7: 2.23729149e-06
  mode8: 4.14801837e-03
  mode9: 7.51197854e-03
  mode10: -5.21550615e-02
  mode11: 1.30661646e-02
  mode12: 1.31082402e-02
  mode13: 1.30970277e-03
  mode14: 1.00391101e-03
  mode15: -6.78040606e-05
  mode16: 9.96644693e-06
  mode17: 2.18305690e-05
  mode18: -8.19231266e-04
  mode19: -2.74225728e-06
  mode20: -6.85750167e-06
