---

# This file is for the initial state of telescope in the basis of DOF
## d[XYZ] are in um
# r[XY] are in arcsec
# mode[1-20] are in um

M2Hexapod:
  dZ: 565.9647485843061
  dX: 7.872353880204937e-06
  dY: -430.08900327995025
  rX: 0.009255707900301878
  rY: 0.021197943282220084

cameraHexapod:
  dZ: 12.257167572323851
  dX: -145.22500126298195
  dY: 79.39199289339984
  rX: -0.006644091933026842
  rY: 0.0023507749053867763

M1M3Bending:
  mode1: 0.08708284457492979
  mode2: -0.11499063799308373
  mode3: -0.23551246566105585
  mode4: -0.02404016331531203
  mode5: 0.023966779318540098
  mode6: 0.095821805
  mode7: 0.0633729272
  mode8: 0.0038250777457545532
  mode9: -0.010712447939386062
  mode10: 0.015405055036216727
  mode11: 0.0074727531326987
  mode12: 0.2274569838206915
  mode13: -0.0026365162761950566
  mode14: -0.0009818596746370009
  mode15: 3.235313560000019e-07
  mode16: 7.857542260000008e-07
  mode17: -0.00030695695
  mode18: -0.000141551224
  mode19: -0.0019426824477170286
  mode20: 6.253315576067657e-05

M2Bending:
  mode1: 1.765115759529445
  mode2: -1.7495163192778935
  mode3: -0.3359765666396782
  mode4: -0.29791103913890926
  mode5: 0.32488155291507503
  mode6: -0.434599985
  mode7: 0.046787280900000006
  mode8: -0.09842712674712559
  mode9: 0.1258075213310786
  mode10: 0.04404476279961672
  mode11: -0.08046582963632688
  mode12: -0.015952984193842813
  mode13: -0.040328391133430855
  mode14: 0.00105570294
  mode15: 0.00039748261
  mode16: 0.04771195236498359
  mode17: 0.033736270668741346
  mode18: 0.01414010719866786
  mode19: 0.0
  mode20: 0.0
