---

# This file is for the initial state of telescope in the basis of DOF
## d[XYZ] are in um
# r[XY] are in arcsec
# mode[1-20] are in um
M2Hexapod:
  dZ: -327.269778050309
  dX: 1226.3594968458556
  dY: -146.03425962308285
  rX: 0.014979930004136699
  rY: 0.006111265734402132

cameraHexapod:
  dZ: 475.7236679504167
  dX: -2305.5824879177353
  dY: 316.7239454114874
  rX: -0.00462504113342836
  rY: 0.0036225744860237906

M1M3Bending:
  mode1: 0.23304592472447913
  mode2: -0.030592538470121524
  mode3: -0.1756520750808063
  mode4: 0.13176842853081294
  mode5: 0.016403273410787914
  mode6: 5.13408012e-07
  mode7: 3.83470886e-06
  mode8: 0.018732921831482743
  mode9: -0.006585074689978602
  mode10: 0.00042097076071871686
  mode11: -0.02216079362276015
  mode12: 0.013392529127685963
  mode13: 0.00635462782576445
  mode14: -0.015004504031045219
  mode15: 1.00121499e-07
  mode16: 5.84507474e-07
  mode17: -0.0567889343
  mode18: 0.0434311681
  mode19: -0.010318001967449442
  mode20: 0.009649352335162453

M2Bending:
  mode1: 1.2098801447389067
  mode2: -1.7468315344250451
  mode3: -0.7758183519602259
  mode4: 0.004584699410005873
  mode5: -0.656424470612012
  mode6: 2.57504986e-06
  mode7: 1.65498216e-06
  mode8: -0.1000711174662084
  mode9: 0.018592353965660887
  mode10: 0.2216103919515453
  mode11: -0.038605926164730214
  mode12: 0.012128832934457474
  mode13: -0.0405061761016269
  mode14: -0.00265694184
  mode15: 0.00217377957
  mode16: 0.06412348925740342
  mode17: -0.00012711441691984858
  mode18: 0.00300173366
  mode19: -1.32198796e-07
  mode20: -8.87078286e-08
