---

# This file is for the initial state of telescope in the basis of DOF
## d[XYZ] are in um
# r[XY] are in arcsec
# mode[1-20] are in um


M2Hexapod:
  dZ: -775.8004285377208
  dX: 1226.3204666123759
  dY: -146.02635089576282
  rX: 0.022568050493782594
  rY: 0.010943080820732781

cameraHexapod:
  dZ: 1106.074918909867
  dX: -2305.550901930406
  dY: 316.7171074014189
  rX: -0.0010117269875565616
  rY: 0.0126860078176292

M1M3Bending:
  mode1: 0.14946077046837722
  mode2: -0.465469605659633
  mode3: -0.2634799047778029
  mode4: 0.01115282095661681
  mode5: 0.04532242966505107
  mode6: 0.0
  mode7: 0.0
  mode8: -0.00464178016503161
  mode9: -0.01139834921161197
  mode10: 0.04968296778978119
  mode11: 0.02872102980887236
  mode12: -0.00108030161832455
  mode13: 0.0006646147307486543
  mode14: 0.00821262464394483
  mode15: 0.0
  mode16: 0.0
  mode17: 0.0
  mode18: 0.0
  mode19: -0.013391562193935416
  mode20: 7.65853664884258e-05

M2Bending:
  mode1: 0.1697011475018466
  mode2: -0.01767947473818516
  mode3: 0.05401754674525884
  mode4: -0.004938923558619197
  mode5: -0.18267539015869233
  mode6: 0.0
  mode7: 0.0
  mode8: -0.01629143925876174
  mode9: 0.010472267741477088
  mode10: 0.007115353682502077
  mode11: -0.04421984298743076
  mode12: -0.010274680812297472
  mode13: 0.002962147903118792
  mode14: 0.0
  mode15: 0.0
  mode16: 0.010217047184773197
  mode17: 0.00960400733134276
  mode18: 0.0
  mode19: 0.0
  mode20: 0.0
