---

# This file is for the initial state of telescope in the basis of DOF
## d[XYZ] are in um
# r[XY] are in arcsec
# mode[1-20] are in um

M2Hexapod:
  dZ: -788.0671662690265
  dX: 1226.3204606952656
  dY: -146.02636065707338
  rX: 0.014237649086554892
  rY: 0.008270770856062681

cameraHexapod:
  dZ: 1086.295823345742
  dX: -2305.5508913343706
  dY: 316.7171138402165
  rX: -0.0004974449558508792
  rY: 0.009093338419167277

M1M3Bending:
  mode1: 0.1253989057979747
  mode2: -0.0064091459372071155
  mode3: -0.2534554272442459
  mode4: 0.04862430465038765
  mode5: 0.11418695973134768
  mode6: 0.0
  mode7: 0.0
  mode8: -0.017159622035676603
  mode9: 0.015860886811168012
  mode10: 0.01363087828560944
  mode11: -0.015704224437082324
  mode12: -0.0011027933633549784
  mode13: 0.0015419138481436519
  mode14: -0.0009236082407375083
  mode15: 0.0
  mode16: 0.0
  mode17: 0.0
  mode18: 0.0
  mode19: -0.018172776980804703
  mode20: 8.034662406719277e-05

M2Bending:
  mode1: -0.2994929127188679
  mode2: -0.1019237289859632
  mode3: 0.13981416492982177
  mode4: -0.043207444414187085
  mode5: -0.1772158411120761
  mode6: 0.0
  mode7: 0.0
  mode8: 0.027684038917470562
  mode9: 0.012193555415317473
  mode10: -0.026168690044160257
  mode11: -0.007917968238626479
  mode12: 0.00031501944748706795
  mode13: 0.0012142369792464691
  mode14: 0.0
  mode15: 0.0
  mode16: 0.017088033291842008
  mode17: 0.013135487297496468
  mode18: 0.0
  mode19: 0.0
  mode20: 0.0
