---

# This file stores the sensor field points for the LSST field
# The points are stored in the following format:
# - [field_x, field_y]
# field_x and field_y are in degrees, and they correspond to the field angles

R00_SW0: [-1.1902777777777778, -1.1902777777777778]
R00_SW1: [-1.2549166666666665, -1.1903333333333332]
R04_SW0: [-1.1902777777777778, 1.1902777777777778]
R04_SW1: [-1.1903333333333332, 1.2549166666666665]
R40_SW0: [1.1902777777777778, -1.1902777777777778]
R40_SW1: [1.1903333333333332, -1.2549166666666665]
R44_SW0: [1.1902777777777778, 1.1902777777777778]
R44_SW1: [1.2549166666666665, 1.1903333333333332]
